Monkeypox
1 6439
8550 8605
12044 14518
19287 20072
23356 23827
29695 31759
33148 34120
39785 41108
44787 45302
49148 50104
53292 54232
57600 58686
60836 61499
66689 67427
70255 73345
73965 74105
76113 77177
82996 83704
88339 90406
92367 93366
99249 100471
102135 103625
107386 108566
111006 111271
111869 112153
113476 115860
117034 118367
120449 120755
121993 122738
128348 128532
133103 134078
138697 140275
142208 143092
145097 145676
146814 146914
148554 149224
150583 150975
156180 156643
157970 158477
161419 162893
166829 167753
171084 171727
173267 173950
177534 179222
180618 181398
182473 183665
184192 184625
190767 197205
